2103
152
301
57
2612
1755
1079
2930
1195
115
612
1620
2681
1261
1605
508
1879
253
1535
1782
1735
2950
87
970
1926
377
2172
962
2203
580
1363
1066
1648
1971
1638
2540
322
38
2892
2566
1192
1600
519
1803
1065
2596
2293
827
2437
543
1989
2768
2296
825
2116
2674
2538
1615
2695
2583
1443
2199
625
1148
2646
433
2610
1491
1846
603
1191
1483
2094
1818
2831
2582
1091
163
1143
1955
2510
1642
393
1918
1132
1153
1612
2884
2611
2621
364
2226
2635
885
1011
654
1368
2199
706
1806
2060
2233
2029
2324
323
200
1043
1661
2193
2921
1943
2578
841
321
2061
2197
1147
2272
2521
1887
522
2120
2641
1871
2839
2059
1755
2562
2102
2311
2395
2415
920
1510
2544
2280
131
2874
69
44
599
1382
2591
1560
731
345
1401
909
784
424
2754
2792
2978
365
1489
2443
1624
1738
1409
146
2357
266
1129
448
1718
22
341
2578
1003
833
1780
2084
2601
2619
639
1655
1418
1320
2658
1151
1761
267
2110
890
2203
2229
1767
713
389
1446
1519
1677
1418
86
1180
2192
2258
1381
729
821
2459
564
2186
2338
1328
1045
2920
2217
27
2368
306
346
1572
2783
2363
135
2064
2614
862
1575
792
2446
564
2251
890
1516
1962
1181
1970
1838
2839
1573
1626
2188
1598
985
82
1371
1939
81
1544
1487
2137
2723
1878
2110
474
1742
2333
2846
1909
920
2560
1092
1060
448
2092
2232
2408
1388
1422
357
2291
77
1494
2873
1728
1638
2518
2579
2795
2386
1764
1110
348
401
604
1074
1676
836
1706
920
1899
2244
2530
1997
1277
599
2164
2132
2372
1372
2058
2296
816
637
1885
1792
2178
1878
1013
179
1488
432
669
1571
321
1719
986
2105
265
243
2906
10
1552
1393
1366
2306
2053
220
1141
1847
261
1633
1505
1763
1006
1785
574
159
2040
1491
1625
1034
348
1910
2746
1824
235
288
434
618
1983
2137
2659
2136
2960
1495
1976
315
885
2585
1558
2822
49
112
773
2242
2196
2687
2897
2096
1422
1664
270
2793
2920
683
409
2205
654
1870
1834
1429
2802
2707
163
1557
1279
635
1659
2740
1629
2475
143
1256
1977
132
1355
1953
1771
2114
556
528
495
1753
2022
23
2191
1066
852
2253
1486
1161
408
1988
833
522
672
569
2856
173
2606
539
1254
423
1334
207
2470
2422
2932
2112
2011
1520
1456
1857
2521
1315
117
2790
2819
1007
1774
1110
2437
2992
1497
941
643
1025
1565
2255
2629
2400
1481
1114
2789
883
1353
2498
2102
393
1049
2887
2787
1757
2435
362
638
69
2827
2488
331
288
274
48
1609
1369
1024
2628
1798
2597
1765
1992
2782
2896
357
2418
1964
2725
287
1299
1931
645
735
1063
2953
356
1900
1785
392
2225
2930
974
699
823
63
1909
1126
1344
922
2782
2768
998
1240
736
1803
2402
2203
2246
1823
1194
2893
2892
840
1703
2215
1001
1893
1510
2853
889
1501
1447
516
535
1278
191
1707
2448
2064
1556
139
1950
1409
87
1969
1541
1847
336
2308
2390
2969
2652
297
2267
836
981
1860
478
588
1213
1269
2547
536
1266
1043
1728
1889
2688
1949
1183
2366
2295
2075
2390
222
1199
1451
2784
268
1821
263
327
1643
1909
2540
2380
815
1114
1235
2875
368
625
1755
690
2599
2168
2312
894
2692
1378
1317
1664
2058
2835
591
752
240
397
2868
926
2809
2117
1356
2067
700
1804
1714
2651
765
1261
2262
897
1001
1126
559
2023
1684
120
2568
1019
593
2016
858
1610
2263
1878
458
2012
1454
2857
2431
1988
2607
102
921
1168
1405
1554
1126
1300
786
2609
2538
2183
1058
65
1866
1236
571
2977
2297
1253
695
322
2739
2289
2004
1911
2079
230
1942
996
83
1246
2922
1521
1345
102
1939
882
289
2047
1019
2737
946
840
1328
1731
381
289
2393
68
1382
1904
685
63
1568
700
1674
786
2293
2637
1933
2398
2581
954
1086
2548
1264
1675
2866
2204
2531
580
1506
2225
249
2340
2029
1127
2314
191
793
324
888
265
1555
2320
2360
129
411
285
2877
2535
2700
2764
841
2107
467
2661
2772
949
1996
2836
2419
460
2430
2251
2680
180
956
450
1535
1373
7
462
742
2624
804
2909
1674
316
2276
1547
884
646
326
9
2516
339
1308
1906
2811
2830
1866
2549
2522
2601
1999
2252
1096
1129
2015
2603
314
387
1050
2288
2217
98
2786
2459
167
351
1488
2120
977
1754
2005
1408
2834
1758
1400
804
1523
802
263
616
2043
198
877
2520
2141
1530
155
2111
758
1552
2119
669
1192
14
2355
1174
1443
963
830
2481
68
2603
336
1798
2176
2849
160
1059
1488
24
771
2742
133
530
2855
2266
2084
2839
1581
1434
1470
747
1467
2961
2104
2585
2974
1132
129
2396
2763
1815
483
2566
1734
903
409
1777
2311
2392
2741
2987
2488
1060
2680
2961
179
2095
2429
1344
2360
1214
2858
205
373
1452
1314
640
159
1037
2144
1692
2458
1146
2317
285
843
1434
2833
1132
2372
523
2445
1593
1104
2321
706
2757
1361
359
613
1580
1063
1788
1781
406
1865
2516
2113
390
2919
1504
829
34
1196
1908
1897
894
766
1815
1466
407
1933
1047
1816
1160
758
906
1832
2470
2527
1684
2127
220
0
349
2787
1965
193
1532
2847
1168
1836
152
2749
2074
2631
212
1209
2860
1359
230
2358
925
2090
1452
936
711
1422
2146
710
599
1769
321
1895
2498
1645
1677
1736
669
1890
1105
2912
1492
365
2880
2113
264
293
35
1541
2998
1569
1592
721
2446
957
146
1874
1669
1109
531
2693
169
815
1075
842
444
2476
495
1032
1531
329
644
2171
2592
371
2350
1349
2360
1603
2867
2801
350
730
1759
844
1092
1814
821
934
1779
1690
1165
1113
2708
1337
1658
201
2188
913
359
233
1975
1288
2416
2529
131
54
1964
578
1740
1308
1443
2759
1809
2431
275
1645
2263
2505
392
1033
1727
1823
1937
1462
601
2342
2548
467
2610
886
1693
2026
918
2898
1838
2224
2515
291
691
1127
426
2547
1661
1778
845
2327
1124
370
2562
2000
1400
2097
875
715
1274
2343
2517
2800
2808
322
2580
380
1463
2059
2064
1002
1482
922
502
2900
434
13
165
2506
1983
2189
1050
954
1580
1810
2775
1270
407
2920
1620
300
1577
2323
2834
1637
826
2519
1668
505
2968
1907
2302
1670
1029
2480
2234
1608
1439
1273
2615
1714
839
2028
1471
657
1557
2422
2221
675
2260
2765
1823
2547
1518
1334
1963
1207
246
842
2734
2891
708
420
1861
1414
1038
2911
2624
418
117
2566
2823
1390
2122
352
1893
1564
2287
444
1553
2610
2579
483
2211
1813
253
430
158
14
2113
315
2518
76
2213
2199
107
2084
2979
1605
1400
675
2619
388
1175
609
494
1703
1321
1819
1489
2447
2296
1305
359
1488
2377
2179
566
2640
1796
546
1675
1386
640
2934
1116
1633
1605
1594
1356
2006
2808
1234
2704
384
1222
2881
1142
1774
1579
1079
2938
106
2827
2950
501
188
992
686
1150
330
2498
2494
1595
1633
2904
371
251
2075
2011
791
1757
1466
2893
1222
2360
204
727
2236
460
2767
2881
2796
1162
2540
978
1379
383
990
845
507
1951
1624
2261
2603
153
2934
809
379
468
1567
645
2569
984
1263
984
2654
778
2170
545
450
477
421
459
1954
2961
2327
323
845
2733
278
2393
1319
1465
622
1949
2321
273
1737
982
2637
280
2236
1003
469
1402
2635
2286
1175
314
957
2844
414
1857
201
164
1051
36
2915
660
185
1235
2027
899
357
1624
253
2504
2317
1138
2442
1334
1818
604
1240
719
2249
84
17
2667
842
2509
1968
2087
1339
2587
922
2469
2714
2990
15
1542
1122
386
2163
2090
1752
587
2236
1281
1620
206
2774
188
997
2494
1328
2290
2338
347
2666
1091
785
2032
1308
484
2768
2944
2409
2101
30
1015
1613
2885
375
1553
2136
277
526
169
1488
986
1976
769
2780
330
1737
971
477
2838
1961
197
1764
595
613
1759
1216
2966
5
262
907
2136
691
601
2136
620
2381
1742
1832
228
1009
2765
1649
565
1477
2544
1362
124
1996
2026
1495
2338
53
1582
510
1967
2594
2286
1397
2734
1065
225
2330
650
2436
1937
1950
429
2939
1645
1582
630
2491
2621
1164
1332
474
2933
1259
2861
536
2713
1588
2359
1288
1142
988
2739
2571
1812
1098
1418
1844
1711
2439
142
1251
1372
1317
1457
1753
2919
2922
2765
2876
2072
1546
1412
2038
913
1371
104
1914
2895
119
2093
1440
1762
2649
2994
60
1534
2146
2845
2414
1870
222
1332
2753
953
1193
2173
558
2030
87
193
1533
61
2069
1537
2307
461
15
807
2385
542
641
1836
1863
2280
1009
1669
806
1276
1380
1359
1843
1592
262
310
148
410
1260
1440
1551
1577
451
2651
1966
2281
421
745
789
373
2826
1069
2333
1921
2166
2702
938
1098
1650
1081
1089
1516
2926
417
403
1545
1525
2018
2852
105
34
2326
2686
2821
1627
1775
1660
2882
254
2548
29
47
94
1419
2083
687
2179
1248
2828
1264
728
1770
140
1127
624
125
625
1428
2149
186
1316
2674
1562
1945
1059
512
2628
2097
2419
864
2268
2360
2807
474
1894
2342
1657
1345
2134
2588
541
1027
1272
2041
2270
2035
71
240
2319
2687
365
1845
1246
1264
2305
92
2857
761
2414
53
2580
1638
2733
917
1343
889
1156
209
2425
493
1043
1931
662
867
560
2643
841
1474
51
2642
493
1553
292
2763
10
1595
1205
1860
1149
255
1779
900
176
1716
791
1085
2006
1764
359
2393
363
2188
1074
1727
2453
1660
1116
2909
1556
2109
1752
1381
2492
1783
2921
2860
1553
965
1411
217
1734
695
558
943
587
2525
1883
1176
1232
1159
416
1655
442
1697
534
599
1843
408
2322
1162
1656
1450
2961
262
1958
1137
2503
2566
2454
2132
943
1993
2161
642
2076
1674
700
122
1544
2721
1011
1474
1805
446
550
2662
2749
403
2754
1659
458
1219
2594
730
985
175
1312
198
785
2786
1129
561
966
450
1523
2993
21
863
2637
1905
2403
1338
307
736
2142
2062
2204
1939
1210
1314
700
2484
786
2861
2805
1009
2445
1964
588
1698
521
109
68
365
172
1690
2255
2685
2384
35
988
694
1823
346
1849
1876
2116
2457
2443
2382
2852
2158
32
1777
1166
356
130
1808
832
1281
2490
602
1122
810
322
1673
2545
1001
1039
2571
240
1781
1193
2635
2342
599
2806
7
1155
289
2976
1242
1654
1471
2933
605
779
244
2921
199
2779
1095
2509
2804
590
604
2268
1868
1343
326
1553
2102
1121
155
1731
2246
2995
702
836
584
1636
1798
2805
2107
2728
106
264
1461
1389
2687
2615
897
2499
2765
208
2
1179
1388
30
2663
819
207
2028
1294
351
2918
38
332
2312
635
1132
1088
2824
1364
871
2970
2549
2092
377
1732
2819
852
1066
516
345
2957
508
546
1566
1143
1604
2986
572
1956
1468
811
1084
2562
891
1522
1434
1994
724
1293
701
1036
352
1854
800
1681
2403
1431
676
1935
571
1349
2207
710
1541
1794
2465
876
90
882
695
2849
978
732
548
2475
2628
1021
1434
154
2717
10
659
452
40
1856
2764
428
2732
218
1239
2842
2415
2149
2640
2049
1987
633
2278
967
1344
466
2200
2421
2577
2847
281
2841
832
2344
406
1306
202
1349
768
650
252
1264
2320
918
2996
2485
1346
403
1115
2007
1621
2980
2395
48
183
603
1864
1055
2474
2839
2055
2643
218
1248
747
2199
2404
2636
346
1803
450
2633
586
2704
689
1230
2168
971
2571
1955
2535
1891
2573
741
736
186
2854
570
2952
2477
1368
2379
1386
1757
721
701
2505
359
2677
907
2780
630
910
1829
1628
2217
1882
2055
2164
2161
1692
1090
2059
2156
575
1444
834
2598
2613
1183
1431
1911
2493
1689
2469
1823
2742
1972
1425
2624
2756
2498
2468
758
2716
1483
1491
1445
1715
785
2328
549
2747
903
2152
2832
217
1781
2502
2505
2105
1459
1452
2499
1672
2450
1891
1317
2166
179
1906
2874
74
1104
368
681
2922
226
2848
2041
2079
1960
9
169
788
2226
1106
2363
343
654
301
2182
1216
2609
1437
1300
961
992
385
1503
1183
1195
151
235
2671
1926
2194
368
983
879
1379
1987
57
745
495
2635
810
1768
1229
2292
316
2879
1623
1601
878
2526
883
137
1706
970
2365
1255
236
1141
2536
2918
2720
1513
2908
2032
848
2787
2180
2929
881
1999
1444
1139
2028
1481
1458
1574
2640
216
783
1550
2110
2012
2073
2680
1279
861
673
282
2241
1955
467
976
385
1194
2749
564
2271
1970
1006
882
269
2319
2910
1518
1621
1009
764
2838
934
2009
2973
1643
241
420
47
1049
2569
175
1006
2872
1964
2224
2053
1991
1321
715
2275
2182
2407
1466
170
474
1373
2024
1925
2313
2306
1006
1860
687
1856
437
3000
586
494
1256
1019
556
2608
790
1374
1440
1973
2738
1388
912
966
2161
1397
2916
47
706
1466
2684
1629
238
1031
2956
884
834
1891
2072
2888
203
1510
2102
2978
842
1343
2012
494
336
2761
500
689
366
234
2045
2842
613
2867
2721
1842
1976
2854
758
277
322
133
85
1642
2899
707
1685
2855
844
2669
1561
745
2840
1453
2763
2626
656
2535
2956
2767
1944
2787
1851
2461
2032
851
784
974
1732
2882
2406
1908
1751
2295
1740
2947
2530
2654
2502
2536
759
957
876
742
2410
2954
297
451
376
2816
2398
1933
1957
14
2191
1008
170
2200
690
904
2531
750
2092
609
1819
2684
736
2873
1453
1884
1408
2358
625
604
219
989
2582
783
2049
2018
605
2124
732
2038
2
1906
1317
2108
2599
2462
1193
955
113
2701
611
1973
1614
110
2290
2382
2743
2135
1596
2007
1184
1554
1233
530
622
714
2297
2682
2336
575
1287
330
221
2474
2954
1119
2690
927
1438
2621
620
2696
190
109
1874
712
1109
1
420
1669
1539
824
1121
2003
829
1279
1493
2986
2150
2023
382
1244
1649
1175
919
2890
1547
2344
2847
252
1488
2611
972
2242
2203
2228
1170
1172
373
115
2604
2436
498
2430
2197
1886
2310
92
419
2800
688
2271
81
1065
1868
2059
1276
733
2713
174
1511
113
1956
2893
965
805
539
2046
570
789
2078
2336
2171
831
1416
2460
1584
696
479
795
1375
187
1647
1947
185
1372
749
148
10
2969
265
2808
1580
1373
2821
1481
1652
1191
533
241
1262
494
2724
91
1102
2482
2826
1545
2581
137
855
2851
2924
1323
976
2777
2559
2874
2743
268
2488
1849
2924
1006
1502
403
2935
1816
2962
2631
1066
1438
1430
2486
262
867
2100
454
856
529
176
230
1036
2575
1779
2917
2827
1045
2552
659
387
2656
893
1374
2589
1490
1768
2038
1896
1466
2967
2832
2937
342
2509
2806
1616
256
1294
2912
1943
1320
2635
2538
1758
2752
445
1410
2808
883
531
708
716
2368
1853
856
946
1317
2379
264
2958
1020
1672
623
1059
1070
1613
953
1754
2903
818
2827
298
403
2167
2086
1469
1444
2573
2716
391
2642
2545
1846
1444
1649
2951
1149
2004
1833
2132
2959
1725
235
2402
1742
980
213
2895
670
2514
2193
1645
2270
1549
2641
690
1228
817
1208
1085
2058
297
1714
864
1310
700
1129
92
2758
823
2789
2452
2127
2527
1847
2532
848
2992
2742
2890
55
685
2777
413
2757
367
368
1783
1967
1959
1554
1873
534
1886
2163
2775
891
1205
449
1298
1376
1190
1787
1760
367
2929
1229
2452
1110
1031
1458
1140
1624
1907
958
214
921
1455
666
544
2744
1184
2640
2290
2361
673
1624
1294
2796
2272
473
1115
1237
1252
1082
2154
656
1341
2769
1072
2068
1767
2895
698
567
2928
860
2787
1970
1038
2051
2316
1048
2839
2627
1701
1199
2901
1409
1210
615
1965
298
1687
842
1730
2762
2378
1359
1873
1269
901
354
593
2108
2669
379
1637
1159
24
1747
962
615
2060
1024
451
1669
2131
986
2283
1842
2743
2724
2257
253
88
913
456
2984
1351
2920
471
833
2839
539
1979
373
2095
151
1569
2242
711
2635
406
2264
184
2884
2968
281
1945
1840
528
199
1526
659
519
2336
2734
1127
488
894
159
1066
1647
889
1196
2282
2552
390
478
402
1825
2464
98
1436
1144
142
2684
1746
484
631
657
1602
259
706
933
1527
1491
1123
2694
1260
2071
1488
1014
1575
258
1879
2846
75
2481
780
2709
1061
705
711
1484
839
476
1045
1597
917
873
1498
2748
2323
1834
1026
819
1859
34
2466
327
641
944
142
88
1792
1468
1558
2292
794
2712
37
1140
327
2226
593
1094
99
2310
2209
2966
1427
2007
575
676
446
971
1739
2856
429
262
2298
1638
245
151
975
1673
64
1694
715
1701
1044
675
319
1967
2800
179
1526
787
851
368
121
2287
2653
633
1734
2617
1883
165
